#	Spell	ChanceBaseNormal	ChanceFactorNormal	ChanceMaxNormal	ChanceCursedNormal	ChanceBaseExpert	ChanceFactorExpert	ChanceMaxExpert	ChanceCursedExpert	ChanceBaseMaster	ChanceFactorMaster	ChanceMaxMaster	ChanceCursedMaster	ChanceBaseGM	ChanceFactorGM	ChanceMaxGM	ChanceCursedGM	Var1	Var1Normal	Var1Expert	Var1Master	Var1GM	Var2	Var2Normal	Var2Expert	Var2Master	Var2GM	Var3	Var3Normal	Var3Expert	Var3Master	Var3GM	Var4	Var4Normal	Var4Expert	Var4Master	Var4GM
1	Torch Light	100	0	100	50	100	0	100	50	100	0	100	50	100	0	100	50	Duration	7257600	7257600	7257600	7257600
2	Fire Bolt	100	0	100	50	100	0	100	50	100	0	100	50	100	0	100	50
3	Fire Resistance	100	0	100	50	100	0	100	50	100	0	100	50	100	0	100	50	Power	1	2	3	4	Duration	3600	3600	3600	3600
4	Fire Aura	100	0	100	50	100	0	100	50	100	0	100	50	100	0	100	50	Bonus2	10	11	12	12	Duration	3600	3600	3600	0
5	Haste	100	0	100	50	100	0	100	50	100	0	100	50	100	0	100	50	Duration	480	480	720	960	DurationConst	3600	3600	3600	3600
6	Fireball	100	0	100	50	100	0	100	50	100	0	100	50	100	0	100	50
7	Fire Spike	100	0	100	50	100	0	100	50	100	0	100	50	100	0	100	50	Spikes	30000	30000	30000	30000
8	Immolation	100	0	100	50	100	0	100	50	100	0	100	50	100	0	100	50	Duration	3600	3600	3600	3600
9	Meteor Shower	100	0	100	50	100	0	100	50	100	0	100	50	100	0	100	50	Meteors	16	16	16	20
10	Inferno	100	0	100	50	100	0	100	50	100	0	100	50	100	0	100	50
11	Incinerate	100	0	100	50	100	0	100	50	100	0	100	50	100	0	100	50
12	Wizard Eye	100	0	100	50	100	0	100	50	100	0	100	50	100	0	100	50	BuffMastery	1	4	4	4	Duration	3600	3600	3600	3600
13	Feather Fall	100	0	100	50	100	0	100	50	100	0	100	50	100	0	100	50	Duration	300	600	3600	3600
14	Air Resistance	100	0	100	50	100	0	100	50	100	0	100	50	100	0	100	50	Power	1	2	3	4	Duration	3600	3600	3600	3600
15	Sparks	100	0	100	50	100	0	100	50	100	0	100	50	100	0	100	50	Sparks	3	5	7	9
16	Jump	100	0	100	50	100	0	100	50	100	0	100	50	100	0	100	50	SpeedZ	750	1000	1000	1000
17	Shield	100	0	100	50	100	0	100	50	100	0	100	50	100	0	100	50	Duration	300	300	900	3600	DurationConst	3600	3600	3600	3600
18	Lightning Bolt	100	0	100	50	100	0	100	50	100	0	100	50	100	0	100	50
19	Invisibility	100	0	100	50	100	0	100	50	100	0	100	50	100	0	100	50	Power	1	2	3	4	Duration	600	600	1200	3600
20	Implosion	100	0	100	50	100	0	100	50	100	0	100	50	100	0	100	50
21	Fly	100	0	100	50	100	0	100	50	100	0	100	50	100	0	100	50	SPCost5Min	1	1	1	0	Duration	300	1800	3600	3600
22	Starburst	100	0	100	50	100	0	100	50	100	0	100	50	100	0	100	50
23	Awaken	100	0	100	50	100	0	100	50	100	0	100	50	100	0	100	50
24	Poison Spray	100	0	100	50	100	0	100	50	100	0	100	50	100	0	100	50	Shots	1	3	5	7
25	Water Resistance	100	0	100	50	100	0	100	50	100	0	100	50	100	0	100	50	Power	1	2	3	4	Duration	3600	3600	3600	3600
26	Ice Bolt	100	0	100	50	100	0	100	50	100	0	100	50	100	0	100	50
27	Water Walk	100	0	100	50	100	0	100	50	100	0	100	50	100	0	100	50
28	Recharge Item	100	0	100	50	100	0	100	50	100	0	100	50	100	0	100	50
29	Acid Burst	100	0	100	50	100	0	100	50	100	0	100	50	100	0	100	50
30	Enchant Item	100	0	100	50	100	0	100	50	100	0	100	50	100	0	100	50
31	Town Portal	100	0	100	50	100	0	100	50	100	0	100	50	100	0	100	50
32	Ice Blast	100	0	100	50	100	0	100	50	100	0	100	50	100	0	100	50
33	Lloyd's Beacon	100	0	100	50	100	0	100	50	100	0	100	50	100	0	100	50	Slots	5	5	5	5	Duration	7257600	7257600	7257600	7257600
34	Stun	100	0	100	50	100	0	100	50	100	0	100	50	100	0	100	50
35	Slow	100	0	100	50	100	0	100	50	100	0	100	50	100	0	100	50	Divisor	2	2	4	8	Duration	180	300	300	300
36	Earth Resistance	100	0	100	50	100	0	100	50	100	0	100	50	100	0	100	50	Power	1	2	3	4	Duration	3600	3600	3600	3600
37	Deadly Swarm	100	0	100	50	100	0	100	50	100	0	100	50	100	0	100	50
38	Stone Skin	100	0	100	50	100	0	100	50	100	0	100	50	100	0	100	50	Duration	300	300	900	3600	DurationConst	3600	3600	3600	3600	ArmorPerLevel	1	1	1	1	ArmorBonus	5	5	5	5
39	Blades	100	0	100	50	100	0	100	50	100	0	100	50	100	0	100	50
40	Stone to Flesh	100	0	100	50	100	0	100	50	100	0	100	50	100	0	100	50
41	Rock Blast	100	0	100	50	100	0	100	50	100	0	100	50	100	0	100	50
42	Telekinesis	100	0	100	50	100	0	100	50	100	0	100	50	100	0	100	50
43	Death Blossom	100	0	100	50	100	0	100	50	100	0	100	50	100	0	100	50
44	Mass Distortion	100	0	100	50	100	0	100	50	100	0	100	50	100	0	100	50
45	Detect Life	100	0	100	50	100	0	100	50	100	0	100	50	100	0	100	50
46	Bless	100	0	100	50	100	0	100	50	100	0	100	50	100	0	100	50	Duration	300	300	900	3600	DurationConst	3600	3600	3600	3600	ToHitPerLevel	1	1	1	1	ToHitBonus	5	5	5	5
47	Fate	100	0	100	50	100	0	100	50	100	0	100	50	100	0	100	50
48	Turn Undead	100	0	100	50	100	0	100	50	100	0	100	50	100	0	100	50
49	Remove Curse	100	0	100	50	100	0	100	50	100	0	100	50	100	0	100	50
50	Preservation	100	0	100	50	100	0	100	50	100	0	100	50	100	0	100	50
51	Heroism	100	0	100	50	100	0	100	50	100	0	100	50	100	0	100	50	Duration	3600	3600	7200	10800	DurationConst	3600	3600	3600	3600	DamagePerLevel	2	2	2	2	DamageBonus	10	10	10	10
52	Spirit Lash	100	0	100	50	100	0	100	50	100	0	100	50	100	0	100	50	Radius	512	512	512	512
53	Raise Dead	100	0	100	50	100	0	100	50	100	0	100	50	100	0	100	50
54	Shared Life	100	0	100	50	100	0	100	50	100	0	100	50	100	0	100	50
55	Resurrection	100	0	100	50	100	0	100	50	100	0	100	50	100	0	100	50
56	Telepathy	100	0	100	50	100	0	100	50	100	0	100	50	100	0	100	50
57	Remove Fear	100	0	100	50	100	0	100	50	100	0	100	50	100	0	100	50
58	Mind Resistance	100	0	100	50	100	0	100	50	100	0	100	50	100	0	100	50	Power	1	2	3	4	Duration	3600	3600	3600	3600
59	Mind Blast	100	0	100	50	100	0	100	50	100	0	100	50	100	0	100	50
60	Charm	100	0	100	50	100	0	100	50	100	0	100	50	100	0	100	50	Duration	6000000	6000000	6000000	6000000
61	Cure Paralysis	100	0	100	50	100	0	100	50	100	0	100	50	100	0	100	50
62	Berserk	100	0	100	50	100	0	100	50	100	0	100	50	100	0	100	50
63	Mass Fear	100	0	100	50	100	0	100	50	100	0	100	50	100	0	100	50
64	Cure Insanity	100	0	100	50	100	0	100	50	100	0	100	50	100	0	100	50
65	Psychic Shock	100	0	100	50	100	0	100	50	100	0	100	50	100	0	100	50
66	Enslave	100	0	100	50	100	0	100	50	100	0	100	50	100	0	100	50
67	Cure Weakness	100	0	100	50	100	0	100	50	100	0	100	50	100	0	100	50
68	Heal	100	0	100	50	100	0	100	50	100	0	100	50	100	0	100	50
69	Body Resistance	100	0	100	50	100	0	100	50	100	0	100	50	100	0	100	50	Power	1	2	3	4	Duration	3600	3600	3600	3600
70	Harm	100	0	100	50	100	0	100	50	100	0	100	50	100	0	100	50
71	Regeneration	100	0	100	50	100	0	100	50	100	0	100	50	100	0	100	50	Power	0	0	0	0	Duration	3600	3600	3600	3600
72	Cure Poison	100	0	100	50	100	0	100	50	100	0	100	50	100	0	100	50
73	Hammerhands	100	0	100	50	100	0	100	50	100	0	100	50	100	0	100	50
74	Cure Disease	100	0	100	50	100	0	100	50	100	0	100	50	100	0	100	50
75	Protection from Magic	100	0	100	50	100	0	100	50	100	0	100	50	100	0	100	50
76	Flying Fist	100	0	100	50	100	0	100	50	100	0	100	50	100	0	100	50
77	Power Cure	100	0	100	50	100	0	100	50	100	0	100	50	100	0	100	50
78	Light Bolt	100	0	100	50	100	0	100	50	100	0	100	50	100	0	100	50
79	Destroy Undead	100	0	100	50	100	0	100	50	100	0	100	50	100	0	100	50
80	Dispel Magic	100	0	100	50	100	0	100	50	100	0	100	50	100	0	100	50
81	Paralyze	100	0	100	50	100	0	100	50	100	0	100	50	100	0	100	50	Duration128	3840	3840	3840	3840
82	Summon Wisp	100	0	100	50	100	0	100	50	100	0	100	50	100	0	100	50
83	Day of the Gods	100	0	100	50	100	0	100	50	100	0	100	50	100	0	100	50
84	Prismatic Light	100	0	100	50	100	0	100	50	100	0	100	50	100	0	100	50
85	Day of Protection	100	0	100	50	100	0	100	50	100	0	100	50	100	0	100	50
86	Hour of Power	100	0	100	50	100	0	100	50	100	0	100	50	100	0	100	50
87	Sunray	100	0	100	50	100	0	100	50	100	0	100	50	100	0	100	50
88	Divine Intervention	100	0	100	50	100	0	100	50	100	0	100	50	100	0	100	50
89	Reanimate	100	0	100	50	100	0	100	50	100	0	100	50	100	0	100	50
90	Toxic Cloud	100	0	100	50	100	0	100	50	100	0	100	50	100	0	100	50
91	Vampiric Weapon	100	0	100	50	100	0	100	50	100	0	100	50	100	0	100	50
92	Shrinking Ray	100	0	100	50	100	0	100	50	100	0	100	50	100	0	100	50
93	Shrapmetal	100	0	100	50	100	0	100	50	100	0	100	50	100	0	100	50
94	Control Undead	100	0	100	50	100	0	100	50	100	0	100	50	100	0	100	50
95	Pain Reflection	100	0	100	50	100	0	100	50	100	0	100	50	100	0	100	50
96	Dark Grasp	100	0	100	50	100	0	100	50	100	0	100	50	100	0	100	50
97	Dragon Breath	100	0	100	50	100	0	100	50	100	0	100	50	100	0	100	50
98	Armageddon	100	0	100	50	100	0	100	50	100	0	100	50	100	0	100	50
99	Souldrinker	100	0	100	50	100	0	100	50	100	0	100	50	100	0	100	50
100	Glamour	100	0	100	100	100	0	100	100	100	0	100	100	100	0	100	100
101	Travelers' Boon	100	0	100	100	100	0	100	100	100	0	100	100	100	0	100	100
102	Blind	100	0	100	100	100	0	100	100	100	0	100	100	100	0	100	100
103	Darkfire Bolt	100	0	100	100	100	0	100	100	100	0	100	100	100	0	100	100
104	Unused!!!	100	0	100	100	100	0	100	100	100	0	100	100	100	0	100	100
105	Unused!!!	100	0	100	100	100	0	100	100	100	0	100	100	100	0	100	100
106	Unused!!!	100	0	100	100	100	0	100	100	100	0	100	100	100	0	100	100
107	Unused!!!	100	0	100	100	100	0	100	100	100	0	100	100	100	0	100	100
108	Unused!!!	100	0	100	100	100	0	100	100	100	0	100	100	100	0	100	100
109	Unused!!!	100	0	100	100	100	0	100	100	100	0	100	100	100	0	100	100
110	Unused!!!	100	0	100	100	100	0	100	100	100	0	100	100	100	0	100	100
111	Lifedrain	100	0	100	100	100	0	100	100	100	0	100	100	100	0	100	100
112	Levitate	100	0	100	100	100	0	100	100	100	0	100	100	100	0	100	100
113	Charm	100	0	100	100	100	0	100	100	100	0	100	100	100	0	100	100
114	Mistform	100	0	100	100	100	0	100	100	100	0	100	100	100	0	100	100
115	Unused!!!	100	0	100	100	100	0	100	100	100	0	100	100	100	0	100	100
116	Unused!!!	100	0	100	100	100	0	100	100	100	0	100	100	100	0	100	100
117	Unused!!!	100	0	100	100	100	0	100	100	100	0	100	100	100	0	100	100
118	Unused!!!	100	0	100	100	100	0	100	100	100	0	100	100	100	0	100	100
119	Unused!!!	100	0	100	100	100	0	100	100	100	0	100	100	100	0	100	100
120	Unused!!!	100	0	100	100	100	0	100	100	100	0	100	100	100	0	100	100
121	Unused!!!	100	0	100	100	100	0	100	100	100	0	100	100	100	0	100	100
122	Fear	100	0	100	100	100	0	100	100	100	0	100	100	100	0	100	100
123	Flame Blast	100	0	100	100	100	0	100	100	100	0	100	100	100	0	100	100
124	Flight	100	0	100	100	100	0	100	100	100	0	100	100	100	0	100	100	SPCost5Min	1	1	1	0	Duration	300	600	3600	3600
125	Wing Buffet	100	0	100	100	100	0	100	100	100	0	100	100	100	0	100	100
126	Unused!!!	100	0	100	100	100	0	100	100	100	0	100	100	100	0	100	100
127	Unused!!!	100	0	100	100	100	0	100	100	100	0	100	100	100	0	100	100
128	Unused!!!	100	0	100	100	100	0	100	100	100	0	100	100	100	0	100	100
129	Unused!!!	100	0	100	100	100	0	100	100	100	0	100	100	100	0	100	100
130	Unused!!!	100	0	100	100	100	0	100	100	100	0	100	100	100	0	100	100
131	Unused!!!	100	0	100	100	100	0	100	100	100	0	100	100	100	0	100	100
132	Unused!!!	100	0	100	100	100	0	100	100	100	0	100	100	100	0	100	100
